   3.6000000e+03  -1.1674551e-01  -1.1674551e-01
   7.2000000e+03  -2.6440572e-01  -2.6440572e-01
   1.0800000e+04  -3.8371637e-01  -3.8371637e-01
   1.4400000e+04  -4.8632840e-01  -4.8632840e-01
   1.8000000e+04  -5.4277834e-01  -5.4277834e-01
   2.1600000e+04  -4.5865068e-01  -4.5865068e-01
   2.5200000e+04  -2.6910765e-01  -2.6910765e-01
   2.8800000e+04   1.0014407e-01   1.0014407e-01
   3.2400000e+04   4.1135159e-01   4.1135159e-01
   3.6000000e+04   6.1949957e-01   6.1949957e-01
   3.9600000e+04   5.4203676e-01   5.4203676e-01
   4.3200000e+04   2.9609125e-01   2.9609125e-01
   4.6800000e+04   4.6288148e-02   4.6288148e-02
   5.0400000e+04  -1.2308210e-01  -1.2308210e-01
   5.4000000e+04  -2.7196159e-01  -2.7196159e-01
   5.7600000e+04  -3.8861545e-01  -3.8861545e-01
   6.1200000e+04  -4.8371252e-01  -4.8371252e-01
   6.4800000e+04  -5.3187243e-01  -5.3187243e-01
   6.8400000e+04  -4.4752602e-01  -4.4752602e-01
   7.2000000e+04  -2.6567069e-01  -2.6567069e-01
   7.5600000e+04   8.2288599e-02   8.2288599e-02
   7.9200000e+04   3.4240313e-01   3.4240313e-01
   8.2800000e+04   4.3025439e-01   4.3025439e-01
   8.6400000e+04   2.9411993e-01   2.9411993e-01
   9.0000000e+04   6.1115866e-02   6.1115866e-02
   9.3600000e+04  -1.1485982e-01  -1.1485982e-01
   9.7200000e+04  -2.5702013e-01  -2.5702013e-01
   1.0080000e+05  -3.7438291e-01  -3.7438291e-01
   1.0440000e+05  -4.7033592e-01  -4.7033592e-01
   1.0800000e+05  -4.9817492e-01  -4.9817492e-01
   1.1160000e+05  -3.8979869e-01  -3.8979869e-01
   1.1520000e+05  -1.5005738e-01  -1.5005738e-01
   1.1880000e+05   2.5044631e-01   2.5044631e-01
   1.2240000e+05   5.9614952e-01   5.9614952e-01
   1.2600000e+05   7.1179158e-01   7.1179158e-01
   1.2960000e+05   6.0871505e-01   6.0871505e-01
   1.3320000e+05   3.7573453e-01   3.7573453e-01
   1.3680000e+05   1.0096605e-01   1.0096605e-01
   1.4040000e+05  -1.0462333e-01  -1.0462333e-01
   1.4400000e+05  -2.4179845e-01  -2.4179845e-01
   1.4760000e+05  -3.6202515e-01  -3.6202515e-01
   1.5120000e+05  -4.5529217e-01  -4.5529217e-01
   1.5480000e+05  -4.6700476e-01  -4.6700476e-01
   1.5840000e+05  -3.5257052e-01  -3.5257052e-01
   1.6200000e+05  -1.2112542e-01  -1.2112542e-01
   1.6560000e+05   2.1045204e-01   2.1045204e-01
   1.6920000e+05   4.4132991e-01   4.4132991e-01
   1.7280000e+05   4.3070542e-01   4.3070542e-01
   1.7640000e+05   2.5864879e-01   2.5864879e-01
   1.8000000e+05   4.0973269e-02   4.0973269e-02
   1.8360000e+05  -1.1634909e-01  -1.1634909e-01
   1.8720000e+05  -2.5757192e-01  -2.5757192e-01
   1.9080000e+05  -3.7034668e-01  -3.7034668e-01
   1.9440000e+05  -4.6280728e-01  -4.6280728e-01
   1.9800000e+05  -4.6721041e-01  -4.6721041e-01
   2.0160000e+05  -3.4531547e-01  -3.4531547e-01
   2.0520000e+05  -6.2619030e-02  -6.2619030e-02
   2.0880000e+05   2.9122539e-01   2.9122539e-01
   2.1240000e+05   6.1746711e-01   6.1746711e-01
   2.1600000e+05   7.2754005e-01   7.2754005e-01
   2.1960000e+05   6.1876495e-01   6.1876495e-01
   2.2320000e+05   3.8094281e-01   3.8094281e-01
   2.2680000e+05   1.1261011e-01   1.1261011e-01
   2.3040000e+05  -9.5454194e-02  -9.5454194e-02
   2.3400000e+05  -2.2991669e-01  -2.2991669e-01
   2.3760000e+05  -3.5258290e-01  -3.5258290e-01
   2.4120000e+05  -4.4395033e-01  -4.4395033e-01
   2.4480000e+05  -4.4080275e-01  -4.4080275e-01
   2.4840000e+05  -3.1801491e-01  -3.1801491e-01
   2.5200000e+05  -4.1992683e-02  -4.1992683e-02
   2.5560000e+05   2.7149867e-01   2.7149867e-01
   2.5920000e+05   5.0063364e-01   5.0063364e-01
   2.6280000e+05   5.0517737e-01   5.0517737e-01
   2.6640000e+05   3.2755580e-01   3.2755580e-01
   2.7000000e+05   9.9494819e-02   9.9494819e-02
   2.7360000e+05  -8.8928510e-02  -8.8928510e-02
   2.7720000e+05  -2.1632886e-01  -2.1632886e-01
   2.8080000e+05  -3.3661465e-01  -3.3661465e-01
   2.8440000e+05  -4.2757785e-01  -4.2757785e-01
   2.8800000e+05  -4.1225205e-01  -4.1225205e-01
   2.9160000e+05  -2.7750731e-01  -2.7750731e-01
   2.9520000e+05   3.5028888e-02   3.5028888e-02
   2.9880000e+05   3.7817748e-01   3.7817748e-01
   3.0240000e+05   6.8951780e-01   6.8951780e-01
