Interpolated values at stations
         84          1  0.3600000E+004     3600     1 FileFmtVersion:    1050624
     8.2440000000E+005         824400
         1     -0.1167455106E+00
     8.2800000000E+005         828000
         1     -0.2644057202E+00
     8.3160000000E+005         831600
         1     -0.3837163713E+00
     8.3520000000E+005         835200
         1     -0.4863284033E+00
     8.3880000000E+005         838800
         1     -0.5427783409E+00
     8.4240000000E+005         842400
         1     -0.4586506752E+00
     8.4600000000E+005         846000
         1     -0.2691076468E+00
     8.4960000000E+005         849600
         1      0.1001440687E+00
     8.5320000000E+005         853200
         1      0.4113515912E+00
     8.5680000000E+005         856800
         1      0.6194995722E+00
     8.6040000000E+005         860400
         1      0.5420367568E+00
     8.6400000000E+005         864000
         1      0.2960912470E+00
     8.6760000000E+005         867600
         1      0.4628814768E-01
     8.7120000000E+005         871200
         1     -0.1230820951E+00
     8.7480000000E+005         874800
         1     -0.2719615914E+00
     8.7840000000E+005         878400
         1     -0.3886154487E+00
     8.8200000000E+005         882000
         1     -0.4837125191E+00
     8.8560000000E+005         885600
         1     -0.5318724349E+00
     8.8920000000E+005         889200
         1     -0.4475260247E+00
     8.9280000000E+005         892800
         1     -0.2656706877E+00
     8.9640000000E+005         896400
         1      0.8228859915E-01
     9.0000000000E+005         900000
         1      0.3424031323E+00
     9.0360000000E+005         903600
         1      0.4302543900E+00
     9.0720000000E+005         907200
         1      0.2941199309E+00
     9.1080000000E+005         910800
         1      0.6111586645E-01
     9.1440000000E+005         914400
         1     -0.1148598160E+00
     9.1800000000E+005         918000
         1     -0.2570201346E+00
     9.2160000000E+005         921600
         1     -0.3743829138E+00
     9.2520000000E+005         925200
         1     -0.4703359169E+00
     9.2880000000E+005         928800
         1     -0.4981749245E+00
     9.3240000000E+005         932400
         1     -0.3897986947E+00
     9.3600000000E+005         936000
         1     -0.1500573785E+00
     9.3960000000E+005         939600
         1      0.2504463102E+00
     9.4320000000E+005         943200
         1      0.5961495151E+00
     9.4680000000E+005         946800
         1      0.7117915770E+00
     9.5040000000E+005         950400
         1      0.6087150535E+00
     9.5400000000E+005         954000
         1      0.3757345269E+00
     9.5760000000E+005         957600
         1      0.1009660545E+00
     9.6120000000E+005         961200
         1     -0.1046233307E+00
     9.6480000000E+005         964800
         1     -0.2417984509E+00
     9.6840000000E+005         968400
         1     -0.3620251525E+00
     9.7200000000E+005         972000
         1     -0.4552921714E+00
     9.7560000000E+005         975600
         1     -0.4670047565E+00
     9.7920000000E+005         979200
         1     -0.3525705190E+00
     9.8280000000E+005         982800
         1     -0.1211254195E+00
     9.8640000000E+005         986400
         1      0.2104520438E+00
     9.9000000000E+005         990000
         1      0.4413299124E+00
     9.9360000000E+005         993600
         1      0.4307054196E+00
     9.9720000000E+005         997200
         1      0.2586487928E+00
     1.0008000000E+006        1000800
         1      0.4097326892E-01
     1.0044000000E+006        1004400
         1     -0.1163490868E+00
     1.0080000000E+006        1008000
         1     -0.2575719169E+00
     1.0116000000E+006        1011600
         1     -0.3703466753E+00
     1.0152000000E+006        1015200
         1     -0.4628072830E+00
     1.0188000000E+006        1018800
         1     -0.4672104069E+00
     1.0224000000E+006        1022400
         1     -0.3453154676E+00
     1.0260000000E+006        1026000
         1     -0.6261903024E-01
     1.0296000000E+006        1029600
         1      0.2912253866E+00
     1.0332000000E+006        1033200
         1      0.6174671106E+00
     1.0368000000E+006        1036800
         1      0.7275400530E+00
     1.0404000000E+006        1040400
         1      0.6187649465E+00
     1.0440000000E+006        1044000
         1      0.3809428081E+00
     1.0476000000E+006        1047600
         1      0.1126101132E+00
     1.0512000000E+006        1051200
         1     -0.9545419445E-01
     1.0548000000E+006        1054800
         1     -0.2299166939E+00
     1.0584000000E+006        1058400
         1     -0.3525829020E+00
     1.0620000000E+006        1062000
         1     -0.4439503263E+00
     1.0656000000E+006        1065600
         1     -0.4408027547E+00
     1.0692000000E+006        1069200
         1     -0.3180149066E+00
     1.0728000000E+006        1072800
         1     -0.4199268303E-01
     1.0764000000E+006        1076400
         1      0.2714986747E+00
     1.0800000000E+006        1080000
         1      0.5006336361E+00
     1.0836000000E+006        1083600
         1      0.5051773722E+00
     1.0872000000E+006        1087200
         1      0.3275558021E+00
     1.0908000000E+006        1090800
         1      0.9949481930E-01
     1.0944000000E+006        1094400
         1     -0.8892851042E-01
     1.0980000000E+006        1098000
         1     -0.2163288608E+00
     1.1016000000E+006        1101600
         1     -0.3366146472E+00
     1.1052000000E+006        1105200
         1     -0.4275778546E+00
     1.1088000000E+006        1108800
         1     -0.4122520464E+00
     1.1124000000E+006        1112400
         1     -0.2775073083E+00
     1.1160000000E+006        1116000
         1      0.3502888830E-01
     1.1196000000E+006        1119600
         1      0.3781774818E+00
     1.1232000000E+006        1123200
         1      0.6895177971E+00
